C21/C3	87429	0	1.0	0.8871628209294767	0.8914321713565728	0.4337828310858446	0.5662121689391553	0.8696732581685458	0.8653433664158396	0.8494330113397732	0.5662143378566215	0.9414114647133822	0.8773218401723974	1.0
C31/C17d	87435	1.0	0	0.2963975900602485	0.28488430231395373	1.0	1.0	0.3022574435639109	0.2782780430489238	0.21874562508749826	1.0	0.3062873428164296	0.20564191537126944	1.0
C31-C17d-C21-C31.9-C21ac-C17e-C31h-C31a	87822	0.8871628209294767	0.2963975900602485	0	0.084542041028564	0.8871622567548649	1.0	0.10822567097316108	0.17754289828406863	0.1643592474263401	1.0	0.2937082516699332	0.10545683629491115	0.9584608307833843
C31/C17d-C21-C31.9-C31h-C31i-C21ac	87823	0.8914321713565728	0.28488430231395373	0.084542041028564	0	0.8914316285255721	1.0	0.18385856495022673	0.24642637507687232	0.13781586552403427	1.0	0.3143239986600469	0.10124246893827654	0.9614905776413354
C21	87198	0.4337828310858446	1.0	0.8871622567548649	0.8914316285255721	0	1.0	0.869672606547869	0.8653426931461371	0.8494322585161223	1.0	0.9414111717765644	0.8773212267877322	1.0
C3	87209	0.5662121689391553	1.0	1.0	1.0	1.0	0	1.0	1.0	1.0	0.5470922645386773	1.0	1.0	1.0
C31/C17d-C21-C21ac-C31a-C17e-C31.9-C17f	87732	0.8696732581685458	0.3022574435639109	0.10822567097316108	0.18385856495022673	0.869672606547869	1.0	0	0.10571577136914523	0.1860484883029094	1.0	0.3171773129074837	0.12737617871463855	0.9555908881822364
C17d/C31-C21-C21ac-C17e-C17f-C31.9	87733	0.8653433664158396	0.2782780430489238	0.17754289828406863	0.24642637507687232	0.8653426931461371	1.0	0.10571577136914523	0	0.23257685980990667	1.0	0.40375384984600615	0.1883843484695459	0.9540309193816123
C31/C17d-C21-C21ac	87129	0.8494330113397732	0.21874562508749826	0.1643592474263401	0.13781586552403427	0.8494322585161223	1.0	0.1860484883029094	0.23257685980990667	0	1.0	0.24841630542930998	0.07281317967050824	0.9318110228346574
C1/C3	87257	0.5662143378566215	1.0	1.0	1.0	1.0	0.5470922645386773	1.0	1.0	1.0	0	1.0	1.0	1.0
C31-C17d-C31.1-C31a-C21-C17e-C21ac	87130	0.9414114647133822	0.3062873428164296	0.2937082516699332	0.3143239986600469	0.9414111717765644	1.0	0.3171773129074837	0.40375384984600615	0.24841630542930998	1.0	0	0.2715518534443967	0.9739505209895802
C31/C17d-C21-C21ac-C31.9	87388	0.8773218401723974	0.20564191537126944	0.10545683629491115	0.10124246893827654	0.8773212267877322	1.0	0.12737617871463855	0.1883843484695459	0.07281317967050824	1.0	0.2715518534443967	0	0.95360046399536
C21ac	87517	1.0	1.0	0.9584608307833843	0.9614905776413354	1.0	1.0	0.9555908881822364	0.9540309193816123	0.9318110228346574	1.0	0.9739505209895802	0.95360046399536	0
