C21/C3	87429	0.0	0.01136883495893318	0.011927709879105344	1.3012698730126987e-06	0.010609524429955006	0.00963979649795194	0.010393616060733926	0.013751522677767995	0.010943618549465768	1.6987301269873013e-06	0.002085511437676233	0.01224552872348765	0.003917260556624337
C31-C17d-C21-C31.9-C21ac-C17e-C31h-C31a	87822	0.01136883495893318	0.0	0.0010072540061314456	0.011368401202308843	0.001184032294835541	0.0020665150455338524	0.0011840664757991014	0.003181732410392627	0.0006230179050419899	0.011369626889465266	0.013453439597014512	0.0023047448074530186	0.014956128562268863
C31/C17d-C21-C31.9-C31h-C31i-C21ac	87823	0.011927709879105344	0.0010072540061314456	0.0	0.011927276122481007	0.0021221554237604956	0.002952490928207027	0.001766105918528168	0.0029889179848699636	0.0010453776736552831	0.011928493235635745	0.014012305943184991	0.001989945819963479	0.015538433361345461
C21	87198	1.3012698730126987e-06	0.011368401202308843	0.011927276122481007	0.0	0.010609090673330667	0.009639362741327602	0.010393182304109589	0.013751088921143656	0.010943184792841433	3e-06	0.0020868127075492453	0.012245094966863313	0.0039168268
C31/C17d-C21-C21ac-C31a-C17e-C31.9-C17f	87732	0.010609524429955006	0.001184032294835541	0.0021221554237604956	0.010609090673330667	0.0	0.0011640854160019094	0.0014643467790182722	0.003709172521285398	0.0010918922869477203	0.01061035136905238	0.012694164076601625	0.002975478004448279	0.014174158591683327
C17d/C31-C21-C21ac-C17e-C17f-C31.9	87733	0.00963979649795194	0.0020665150455338524	0.002952490928207027	0.009639362741327602	0.0011640854160019094	0.0	0.00211331017371114	0.004725021389713086	0.001910374246807208	0.00964063206053184	0.011724444768081085	0.003727268219117637	0.013192672130950715
C31/C17d-C21-C21ac	87129	0.010393616060733926	0.0011840664757991014	0.001766105918528168	0.010393182304109589	0.0014643467790182722	0.00211331017371114	0.0	0.0036877715650556705	0.0007208470722023096	0.010394483473992602	0.012478296181541847	0.002385841645375462	0.013772682461253875
C31-C17d-C31.1-C31a-C21-C17e-C21ac	87130	0.013751522677767995	0.003181732410392627	0.0029889179848699636	0.013751088921143656	0.003709172521285398	0.004725021389713086	0.0036877715650556705	0.0	0.003251042731079873	0.013752206085994203	0.015836018793543447	0.0028341666629077555	0.017459857379686094
C31/C17d-C21-C21ac-C31.9	87388	0.010943618549465768	0.0006230179050419899	0.0010453776736552831	0.010943184792841433	0.0010918922869477203	0.001910374246807208	0.0007208470722023096	0.003251042731079873	0.0	0.010944430143771246	0.013028242851320492	0.00194904027848099	0.014493279012317535
C3	87209	1.6987301269873013e-06	0.011369626889465266	0.011928493235635745	3e-06	0.01061035136905238	0.00964063206053184	0.010394483473992602	0.013752206085994203	0.010944430143771246	0.0	0.0020849067981401864	0.012246094966863314	0.0039178268
C1/C3	87257	0.002085511437676233	0.013453439597014512	0.014012305943184991	0.0020868127075492453	0.012694164076601625	0.011724444768081085	0.012478296181541847	0.015836018793543447	0.013028242851320492	0.0020849067981401864	0.0	0.014329907674412558	0.006001639507549245
C31/C17d	87435	0.01224552872348765	0.0023047448074530186	0.001989945819963479	0.012245094966863313	0.002975478004448279	0.003727268219117637	0.002385841645375462	0.0028341666629077555	0.00194904027848099	0.012246094966863314	0.014329907674412558	0.0	0.016157921766863315
C21ac	87517	0.003917260556624337	0.014956128562268863	0.015538433361345461	0.0039168268	0.014174158591683327	0.013192672130950715	0.013772682461253875	0.017459857379686094	0.014493279012317535	0.0039178268	0.006001639507549245	0.016157921766863315	0.0
