C21/C3	87429	0	1.0	0.8631934201644959	0.8595635109122272	0.44910275448622755	0.5508922455387723	0.851274461766147	0.840983975400615	0.7898421015789842	0.5508944910550895	0.8983815242771358	0.8254626180607291	1.0
C31/C17d	87435	1.0	0	0.5166920826979325	0.49257268568285795	1.0	1.0	0.5149045528634141	0.4809329766755831	0.34790652093479063	1.0	0.5134072988905166	0.37248941265881014	1.0
C31-C17d-C21-C31.9-C21ac-C17e-C31h-C31a	87822	0.8631934201644959	0.5166920826979325	0	0.12865485380584776	0.8631927361452771	1.0	0.12112954917028734	0.17569297228110875	0.2976475588110297	1.0	0.2700918972430827	0.20633380998570042	0.9177616447671046
C31/C17d-C21-C31.9-C31h-C31i-C21ac	87823	0.8595635109122272	0.49257268568285795	0.12865485380584776	0	0.8595628087438251	1.0	0.23485443155058022	0.2512499500019999	0.26926826829329265	1.0	0.37544873653790384	0.1779546613601592	0.9171316573668526
C21	87198	0.44910275448622755	1.0	0.8631927361452771	0.8595628087438251	0	1.0	0.8512737181570461	0.8409831803363933	0.789841050794746	1.0	0.8983810161898381	0.8254617453825461	1.0
C3	87209	0.5508922455387723	1.0	1.0	1.0	1.0	0	1.0	1.0	1.0	0.5303623481882591	1.0	1.0	1.0
C31/C17d-C21-C21ac-C31a-C17e-C31.9-C17f	87732	0.851274461766147	0.5149045528634141	0.12112954917028734	0.23485443155058022	0.8512737181570461	1.0	0	0.09323080461379238	0.2796716098517045	1.0	0.2636757713480028	0.20939767108151214	0.9134921626959326
C17d/C31-C21-C21ac-C17e-C17f-C31.9	87733	0.840983975400615	0.4809329766755831	0.17569297228110875	0.2512499500019999	0.8409831803363933	1.0	0.09323080461379238	0	0.24187895302617435	1.0	0.333290001299961	0.1701948941531754	0.9073918521629567
C31/C17d-C21-C21ac	87129	0.7898421015789842	0.34790652093479063	0.2976475588110297	0.26926826829329265	0.789841050794746	1.0	0.2796716098517045	0.24187895302617435	0	1.0	0.3428898566521502	0.10304345434818478	0.8622506887465563
C1/C3	87257	0.5508944910550895	1.0	1.0	1.0	1.0	0.5303623481882591	1.0	1.0	1.0	0	1.0	1.0	1.0
C31-C17d-C31.1-C31a-C21-C17e-C21ac	87130	0.8983815242771358	0.5134072988905166	0.2700918972430827	0.37544873653790384	0.8983810161898381	1.0	0.2636757713480028	0.333290001299961	0.3428898566521502	1.0	0	0.34289314213715727	0.93110068899311
C31/C17d-C21-C21ac-C31.9	87388	0.8254626180607291	0.37248941265881014	0.20633380998570042	0.1779546613601592	0.8254617453825461	1.0	0.20939767108151214	0.1701948941531754	0.10304345434818478	1.0	0.34289314213715727	0	0.8933610663893361
C21ac	87517	1.0	1.0	0.9177616447671046	0.9171316573668526	1.0	1.0	0.9134921626959326	0.9073918521629567	0.8622506887465563	1.0	0.93110068899311	0.8933610663893361	0
