D4/D1-D6-D1ab-D17d-D17j-D3h	87936	0.0	0.0027011872840109674	0.0028121816176629347	0.0042809053411734105	0.003440723249044887	0.0032376898426391453
D4/D1/D6-D1ab-D3h	87617	0.0027011872840109674	0.0	0.00032558677382936663	0.0019472585650504048	0.001209836460729034	0.0005366936611177248
D1/D4-D6-D1ab-D3h-D4d	87918	0.0028121816176629347	0.00032558677382936663	0.0	0.0022193335277887645	0.0013325419738259307	0.0008621688563828501
D1/D4	87537	0.0042809053411734105	0.0019472585650504048	0.0022193335277887645	0.0	0.0016180289308737853	0.002205449297550245
D1/D4/D6	87540	0.003440723249044887	0.001209836460729034	0.0013325419738259307	0.0016180289308737853	0.0	0.0017259034515675904
D1/D4/D6/D1ab	87549	0.0032376898426391453	0.0005366936611177248	0.0008621688563828501	0.002205449297550245	0.0017259034515675904	0.0
