D4/D1-D6-D1ab-D17d-D17j-D3h	87936	0	0.05737827865164045	0.06273343166420839	0.27103457930841385	0.17260068498287542	0.15790105247368816
D4/D1/D6-D1ab-D3h	87617	0.05737827865164045	0	0.0433339166520837	0.249485010299794	0.15124121896952575	0.15642108947276318
D1/D4-D6-D1ab-D3h-D4d	87918	0.06273343166420839	0.0433339166520837	0	0.2666610000849987	0.124387512249755	0.14587708245835082
D1/D4	87537	0.27103457930841385	0.249485010299794	0.2666610000849987	0	0.22127168092478613	0.2707209391859122
D1/D4/D6	87540	0.17260068498287542	0.15124121896952575	0.124387512249755	0.22127168092478613	0	0.1125677486450271
D1/D4/D6/D1ab	87549	0.15790105247368816	0.15642108947276318	0.14587708245835082	0.2707209391859122	0.1125677486450271	0
