D4/D1-D6-D1ab-D17d-D17j-D3h	87936	0.0	0.0010419675791519672	0.0011636439109350397	0.0025737106125527038	0.001678850351809638	0.0019732995137172566
D4/D1/D6-D1ab-D3h	87617	0.0010419675791519672	0.0	0.0001767481987203839	0.001707859813901825	0.0006611898156235774	0.0011437654267190873
D1/D4-D6-D1ab-D3h-D4d	87918	0.0011636439109350397	0.0001767481987203839	0.0	0.0018153646968813643	0.0006274675484837192	0.0012203844733850873
D1/D4	87537	0.0025737106125527038	0.001707859813901825	0.0018153646968813643	0.0	0.001414897016191976	0.001682214370381138
D1/D4/D6	87540	0.001678850351809638	0.0006611898156235774	0.0006274675484837192	0.001414897016191976	0.0	0.001468953993861228
D1/D4/D6/D1ab	87549	0.0019732995137172566	0.0011437654267190873	0.0012203844733850873	0.001682214370381138	0.001468953993861228	0.0
