D4/D1-D6-D1ab-D17d-D17j-D3h	87936	0	0.1333916652083698	0.1333959981200564	0.4630807383852323	0.28884777880552986	0.19540011499712506
D4/D1/D6-D1ab-D3h	87617	0.1333916652083698	0	0.05673358166045849	0.3775493367599486	0.16833663326733464	0.10741785164296715
D1/D4-D6-D1ab-D3h-D4d	87918	0.1333959981200564	0.05673358166045849	0	0.4252214955700886	0.21747956301092472	0.12508187295317616
D1/D4	87537	0.4630807383852323	0.3775493367599486	0.4252214955700886	0	0.26196107058394125	0.3618795718064229
D1/D4/D6	87540	0.28884777880552986	0.16833663326733464	0.21747956301092472	0.26196107058394125	0	0.1499970000599988
D1/D4/D6/D1ab	87549	0.19540011499712506	0.10741785164296715	0.12508187295317616	0.3618795718064229	0.1499970000599988	0
